1000
741 1804 1806
350 730 740
529 1201 1206
737 1779 1786
718 1730 1738
419 903 909
144 240 249
111 166 173
828 2048 2052
870 2170 2172
428 935 941
681 1627 1636
413 893 897
210 397 398
243 457 467
406 874 877
574 1330 1331
687 1648 1653
468 1037 1040
568 1303 1311
135 216 223
903 2264 2274
785 1916 1926
173 295 305
543 1242 1251
772 1889 1894
598 1397 1401
708 1704 1708
368 774 778
960 2432 2439
235 443 447
338 706 708
794 1944 1953
409 878 884
201 373 377
617 1440 1447
762 1852 1862
208 383 384
670 1599 1605
527 1198 1201
506 1146 1149
722 1745 1750
683 1629 1632
512 1160 1161
552 1267 1272
708 1705 1709
755 1836 1841
449 988 992
598 1395 1403
348 719 728
238 460 462
690 1652 1656
1000 2559 2562
448 990 992
861 2147 2154
285 565 569
152 258 259
323 657 664
713 1721 1727
405 872 880
284 565 566
208 384 385
731 1764 1768
261 502 512
561 1290 1296
299 602 605
991 2534 2537
530 1205 1211
541 1238 1245
383 816 825
691 1651 1655
325 664 673
146 251 252
199 364 373
944 2394 2400
587 1366 1372
248 474 484
679 1615 1621
996 2540 2550
457 1014 1017
317 651 657
711 1710 1719
126 199 209
432 944 950
952 2413 2421
398 860 864
160 274 275
964 2456 2458
474 1059 1065
425 920 930
229 432 439
559 1292 1295
533 1205 1214
476 1062 1066
224 426 431
652 1544 1551
113 179 185
610 1417 1427
488 1088 1096
232 436 440
741 1804 1806
350 730 740
529 1201 1206
737 1779 1786
718 1730 1738
419 903 909
144 240 249
111 166 173
828 2048 2052
870 2170 2172
428 935 941
681 1627 1636
413 893 897
210 397 398
243 457 467
406 874 877
574 1330 1331
687 1648 1653
468 1037 1040
568 1303 1311
135 216 223
903 2264 2274
785 1916 1926
173 295 305
543 1242 1251
772 1889 1894
598 1397 1401
708 1704 1708
368 774 778
960 2432 2439
235 443 447
338 706 708
794 1944 1953
409 878 884
201 373 377
617 1440 1447
762 1852 1862
208 383 384
670 1599 1605
527 1198 1201
506 1146 1149
722 1745 1750
683 1629 1632
512 1160 1161
552 1267 1272
708 1705 1709
755 1836 1841
449 988 992
598 1395 1403
348 719 728
238 460 462
690 1652 1656
1000 2559 2562
448 990 992
861 2147 2154
285 565 569
152 258 259
323 657 664
713 1721 1727
405 872 880
284 565 566
208 384 385
731 1764 1768
261 502 512
561 1290 1296
299 602 605
991 2534 2537
530 1205 1211
541 1238 1245
383 816 825
691 1651 1655
325 664 673
146 251 252
199 364 373
944 2394 2400
587 1366 1372
248 474 484
679 1615 1621
996 2540 2550
457 1014 1017
317 651 657
711 1710 1719
126 199 209
432 944 950
952 2413 2421
398 860 864
160 274 275
964 2456 2458
474 1059 1065
425 920 930
229 432 439
559 1292 1295
533 1205 1214
476 1062 1066
224 426 431
652 1544 1551
113 179 185
610 1417 1427
488 1088 1096
232 436 440
741 1804 1806
350 730 740
529 1201 1206
737 1779 1786
718 1730 1738
419 903 909
144 240 249
111 166 173
828 2048 2052
870 2170 2172
428 935 941
681 1627 1636
413 893 897
210 397 398
243 457 467
406 874 877
574 1330 1331
687 1648 1653
468 1037 1040
568 1303 1311
135 216 223
903 2264 2274
785 1916 1926
173 295 305
543 1242 1251
772 1889 1894
598 1397 1401
708 1704 1708
368 774 778
960 2432 2439
235 443 447
338 706 708
794 1944 1953
409 878 884
201 373 377
617 1440 1447
762 1852 1862
208 383 384
670 1599 1605
527 1198 1201
506 1146 1149
722 1745 1750
683 1629 1632
512 1160 1161
552 1267 1272
708 1705 1709
755 1836 1841
449 988 992
598 1395 1403
348 719 728
238 460 462
690 1652 1656
1000 2559 2562
448 990 992
861 2147 2154
285 565 569
152 258 259
323 657 664
713 1721 1727
405 872 880
284 565 566
208 384 385
731 1764 1768
261 502 512
561 1290 1296
299 602 605
991 2534 2537
530 1205 1211
541 1238 1245
383 816 825
691 1651 1655
325 664 673
146 251 252
199 364 373
944 2394 2400
587 1366 1372
248 474 484
679 1615 1621
996 2540 2550
457 1014 1017
317 651 657
711 1710 1719
126 199 209
432 944 950
952 2413 2421
398 860 864
160 274 275
964 2456 2458
474 1059 1065
425 920 930
229 432 439
559 1292 1295
533 1205 1214
476 1062 1066
224 426 431
652 1544 1551
113 179 185
610 1417 1427
488 1088 1096
232 436 440
741 1804 1806
350 730 740
529 1201 1206
737 1779 1786
718 1730 1738
419 903 909
144 240 249
111 166 173
828 2048 2052
870 2170 2172
428 935 941
681 1627 1636
413 893 897
210 397 398
243 457 467
406 874 877
574 1330 1331
687 1648 1653
468 1037 1040
568 1303 1311
135 216 223
903 2264 2274
785 1916 1926
173 295 305
543 1242 1251
772 1889 1894
598 1397 1401
708 1704 1708
368 774 778
960 2432 2439
235 443 447
338 706 708
794 1944 1953
409 878 884
201 373 377
617 1440 1447
762 1852 1862
208 383 384
670 1599 1605
527 1198 1201
506 1146 1149
722 1745 1750
683 1629 1632
512 1160 1161
552 1267 1272
708 1705 1709
755 1836 1841
449 988 992
598 1395 1403
348 719 728
238 460 462
690 1652 1656
1000 2559 2562
448 990 992
861 2147 2154
285 565 569
152 258 259
323 657 664
713 1721 1727
405 872 880
284 565 566
208 384 385
731 1764 1768
261 502 512
561 1290 1296
299 602 605
991 2534 2537
530 1205 1211
541 1238 1245
383 816 825
691 1651 1655
325 664 673
146 251 252
199 364 373
944 2394 2400
587 1366 1372
248 474 484
679 1615 1621
996 2540 2550
457 1014 1017
317 651 657
711 1710 1719
126 199 209
432 944 950
952 2413 2421
398 860 864
160 274 275
964 2456 2458
474 1059 1065
425 920 930
229 432 439
559 1292 1295
533 1205 1214
476 1062 1066
224 426 431
652 1544 1551
113 179 185
610 1417 1427
488 1088 1096
232 436 440
741 1804 1806
350 730 740
529 1201 1206
737 1779 1786
718 1730 1738
419 903 909
144 240 249
111 166 173
828 2048 2052
870 2170 2172
428 935 941
681 1627 1636
413 893 897
210 397 398
243 457 467
406 874 877
574 1330 1331
687 1648 1653
468 1037 1040
568 1303 1311
135 216 223
903 2264 2274
785 1916 1926
173 295 305
543 1242 1251
772 1889 1894
598 1397 1401
708 1704 1708
368 774 778
960 2432 2439
235 443 447
338 706 708
794 1944 1953
409 878 884
201 373 377
617 1440 1447
762 1852 1862
208 383 384
670 1599 1605
527 1198 1201
506 1146 1149
722 1745 1750
683 1629 1632
512 1160 1161
552 1267 1272
708 1705 1709
755 1836 1841
449 988 992
598 1395 1403
348 719 728
238 460 462
690 1652 1656
1000 2559 2562
448 990 992
861 2147 2154
285 565 569
152 258 259
323 657 664
713 1721 1727
405 872 880
284 565 566
208 384 385
731 1764 1768
261 502 512
561 1290 1296
299 602 605
991 2534 2537
530 1205 1211
541 1238 1245
383 816 825
691 1651 1655
325 664 673
146 251 252
199 364 373
944 2394 2400
587 1366 1372
248 474 484
679 1615 1621
996 2540 2550
457 1014 1017
317 651 657
711 1710 1719
126 199 209
432 944 950
952 2413 2421
398 860 864
160 274 275
964 2456 2458
474 1059 1065
425 920 930
229 432 439
559 1292 1295
533 1205 1214
476 1062 1066
224 426 431
652 1544 1551
113 179 185
610 1417 1427
488 1088 1096
232 436 440
741 1804 1806
350 730 740
529 1201 1206
737 1779 1786
718 1730 1738
419 903 909
144 240 249
111 166 173
828 2048 2052
870 2170 2172
428 935 941
681 1627 1636
413 893 897
210 397 398
243 457 467
406 874 877
574 1330 1331
687 1648 1653
468 1037 1040
568 1303 1311
135 216 223
903 2264 2274
785 1916 1926
173 295 305
543 1242 1251
772 1889 1894
598 1397 1401
708 1704 1708
368 774 778
960 2432 2439
235 443 447
338 706 708
794 1944 1953
409 878 884
201 373 377
617 1440 1447
762 1852 1862
208 383 384
670 1599 1605
527 1198 1201
506 1146 1149
722 1745 1750
683 1629 1632
512 1160 1161
552 1267 1272
708 1705 1709
755 1836 1841
449 988 992
598 1395 1403
348 719 728
238 460 462
690 1652 1656
1000 2559 2562
448 990 992
861 2147 2154
285 565 569
152 258 259
323 657 664
713 1721 1727
405 872 880
284 565 566
208 384 385
731 1764 1768
261 502 512
561 1290 1296
299 602 605
991 2534 2537
530 1205 1211
541 1238 1245
383 816 825
691 1651 1655
325 664 673
146 251 252
199 364 373
944 2394 2400
587 1366 1372
248 474 484
679 1615 1621
996 2540 2550
457 1014 1017
317 651 657
711 1710 1719
126 199 209
432 944 950
952 2413 2421
398 860 864
160 274 275
964 2456 2458
474 1059 1065
425 920 930
229 432 439
559 1292 1295
533 1205 1214
476 1062 1066
224 426 431
652 1544 1551
113 179 185
610 1417 1427
488 1088 1096
232 436 440
741 1804 1806
350 730 740
529 1201 1206
737 1779 1786
718 1730 1738
419 903 909
144 240 249
111 166 173
828 2048 2052
870 2170 2172
428 935 941
681 1627 1636
413 893 897
210 397 398
243 457 467
406 874 877
574 1330 1331
687 1648 1653
468 1037 1040
568 1303 1311
135 216 223
903 2264 2274
785 1916 1926
173 295 305
543 1242 1251
772 1889 1894
598 1397 1401
708 1704 1708
368 774 778
960 2432 2439
235 443 447
338 706 708
794 1944 1953
409 878 884
201 373 377
617 1440 1447
762 1852 1862
208 383 384
670 1599 1605
527 1198 1201
506 1146 1149
722 1745 1750
683 1629 1632
512 1160 1161
552 1267 1272
708 1705 1709
755 1836 1841
449 988 992
598 1395 1403
348 719 728
238 460 462
690 1652 1656
1000 2559 2562
448 990 992
861 2147 2154
285 565 569
152 258 259
323 657 664
713 1721 1727
405 872 880
284 565 566
208 384 385
731 1764 1768
261 502 512
561 1290 1296
299 602 605
991 2534 2537
530 1205 1211
541 1238 1245
383 816 825
691 1651 1655
325 664 673
146 251 252
199 364 373
944 2394 2400
587 1366 1372
248 474 484
679 1615 1621
996 2540 2550
457 1014 1017
317 651 657
711 1710 1719
126 199 209
432 944 950
952 2413 2421
398 860 864
160 274 275
964 2456 2458
474 1059 1065
425 920 930
229 432 439
559 1292 1295
533 1205 1214
476 1062 1066
224 426 431
652 1544 1551
113 179 185
610 1417 1427
488 1088 1096
232 436 440
741 1804 1806
350 730 740
529 1201 1206
737 1779 1786
718 1730 1738
419 903 909
144 240 249
111 166 173
828 2048 2052
870 2170 2172
428 935 941
681 1627 1636
413 893 897
210 397 398
243 457 467
406 874 877
574 1330 1331
687 1648 1653
468 1037 1040
568 1303 1311
135 216 223
903 2264 2274
785 1916 1926
173 295 305
543 1242 1251
772 1889 1894
598 1397 1401
708 1704 1708
368 774 778
960 2432 2439
235 443 447
338 706 708
794 1944 1953
409 878 884
201 373 377
617 1440 1447
762 1852 1862
208 383 384
670 1599 1605
527 1198 1201
506 1146 1149
722 1745 1750
683 1629 1632
512 1160 1161
552 1267 1272
708 1705 1709
755 1836 1841
449 988 992
598 1395 1403
348 719 728
238 460 462
690 1652 1656
1000 2559 2562
448 990 992
861 2147 2154
285 565 569
152 258 259
323 657 664
713 1721 1727
405 872 880
284 565 566
208 384 385
731 1764 1768
261 502 512
561 1290 1296
299 602 605
991 2534 2537
530 1205 1211
541 1238 1245
383 816 825
691 1651 1655
325 664 673
146 251 252
199 364 373
944 2394 2400
587 1366 1372
248 474 484
679 1615 1621
996 2540 2550
457 1014 1017
317 651 657
711 1710 1719
126 199 209
432 944 950
952 2413 2421
398 860 864
160 274 275
964 2456 2458
474 1059 1065
425 920 930
229 432 439
559 1292 1295
533 1205 1214
476 1062 1066
224 426 431
652 1544 1551
113 179 185
610 1417 1427
488 1088 1096
232 436 440
741 1804 1806
350 730 740
529 1201 1206
737 1779 1786
718 1730 1738
419 903 909
144 240 249
111 166 173
828 2048 2052
870 2170 2172
428 935 941
681 1627 1636
413 893 897
210 397 398
243 457 467
406 874 877
574 1330 1331
687 1648 1653
468 1037 1040
568 1303 1311
135 216 223
903 2264 2274
785 1916 1926
173 295 305
543 1242 1251
772 1889 1894
598 1397 1401
708 1704 1708
368 774 778
960 2432 2439
235 443 447
338 706 708
794 1944 1953
409 878 884
201 373 377
617 1440 1447
762 1852 1862
208 383 384
670 1599 1605
527 1198 1201
506 1146 1149
722 1745 1750
683 1629 1632
512 1160 1161
552 1267 1272
708 1705 1709
755 1836 1841
449 988 992
598 1395 1403
348 719 728
238 460 462
690 1652 1656
1000 2559 2562
448 990 992
861 2147 2154
285 565 569
152 258 259
323 657 664
713 1721 1727
405 872 880
284 565 566
208 384 385
731 1764 1768
261 502 512
561 1290 1296
299 602 605
991 2534 2537
530 1205 1211
541 1238 1245
383 816 825
691 1651 1655
325 664 673
146 251 252
199 364 373
944 2394 2400
587 1366 1372
248 474 484
679 1615 1621
996 2540 2550
457 1014 1017
317 651 657
711 1710 1719
126 199 209
432 944 950
952 2413 2421
398 860 864
160 274 275
964 2456 2458
474 1059 1065
425 920 930
229 432 439
559 1292 1295
533 1205 1214
476 1062 1066
224 426 431
652 1544 1551
113 179 185
610 1417 1427
488 1088 1096
232 436 440
741 1804 1806
350 730 740
529 1201 1206
737 1779 1786
718 1730 1738
419 903 909
144 240 249
111 166 173
828 2048 2052
870 2170 2172
428 935 941
681 1627 1636
413 893 897
210 397 398
243 457 467
406 874 877
574 1330 1331
687 1648 1653
468 1037 1040
568 1303 1311
135 216 223
903 2264 2274
785 1916 1926
173 295 305
543 1242 1251
772 1889 1894
598 1397 1401
708 1704 1708
368 774 778
960 2432 2439
235 443 447
338 706 708
794 1944 1953
409 878 884
201 373 377
617 1440 1447
762 1852 1862
208 383 384
670 1599 1605
527 1198 1201
506 1146 1149
722 1745 1750
683 1629 1632
512 1160 1161
552 1267 1272
708 1705 1709
755 1836 1841
449 988 992
598 1395 1403
348 719 728
238 460 462
690 1652 1656
1000 2559 2562
448 990 992
861 2147 2154
285 565 569
152 258 259
323 657 664
713 1721 1727
405 872 880
284 565 566
208 384 385
731 1764 1768
261 502 512
561 1290 1296
299 602 605
991 2534 2537
530 1205 1211
541 1238 1245
383 816 825
691 1651 1655
325 664 673
146 251 252
199 364 373
944 2394 2400
587 1366 1372
248 474 484
679 1615 1621
996 2540 2550
457 1014 1017
317 651 657
711 1710 1719
126 199 209
432 944 950
952 2413 2421
398 860 864
160 274 275
964 2456 2458
474 1059 1065
425 920 930
229 432 439
559 1292 1295
533 1205 1214
476 1062 1066
224 426 431
652 1544 1551
113 179 185
610 1417 1427
488 1088 1096
232 436 440